687,4
687,3
687,2
687,1
687,0
686,3
686,2
686,1
686,0
685,9
685,8
685,7
685,6
685,5
685,4
685,3
685,2
685,1
685,0
684,8
684,7
684,6
684,5
684,4
684,3
684,2
684,1
684,0
683,7
683,6
683,5
683,4
683,3
683,2
683,1
683,0
682,6
682,5
682,4
682,3
682,2
682,1
682,0
681,5
681,4
681,3
681,2
681,1
681,0
680,4
680,3
680,2
680,1
680,0
679,3
679,2
679,1
679,0
678,4
678,3
678,2
678,1
678,0
677,3
677,2
677,1
677,0
676,3
676,2
676,1
676,0
675,4
675,3
675,2
675,1
675,0
674,3
674,2
674,1
674,0
673,4
673,3
673,2
673,1
673,0
672,3
672,2
672,1
672,0
671,4
671,3
671,2
671,1
671,0
670,4
670,3
670,2
670,1
670,0
669,4
669,3
669,2
669,1
669,0
668,4
668,3
668,2
668,1
668,0
667,5
667,4
667,3
667,2
667,1
667,0
666,4
666,3
666,2
666,1
666,0
665,4
665,3
665,2
665,1
665,0
664,4
664,3
664,2
664,1
664,0
663,4
663,3
663,2
663,1
663,0
662,3
662,2
662,1
662,0
661,9
661,8
661,7
661,6
661,5
661,4
661,3
661,2
661,1
661,0
660,8
660,7
660,6
660,5
660,4
660,3
660,2
660,1
660,0
2,5
2,4
659,7
659,6
659,5
659,4
659,3
659,2
659,1
659,0
658,6
658,5
658,4
658,3
658,2
658,1
658,0
657,5
657,4
657,3
657,2
657,1
657,0
656,4
656,3
656,2
656,1
656,0
655,3
655,2
655,1
655,0
654,4
654,3
654,2
654,1
654,0
653,3
653,2
653,1
653,0
652,3
652,2
652,1
652,0
651,4
651,3
651,2
651,1
651,0
650,3
650,2
650,1
650,0
649,4
649,3
649,2
649,1
649,0
648,3
648,2
648,1
648,0
647,4
647,3
647,2
647,1
647,0
646,4
646,3
646,2
646,1
646,0
645,4
645,3
645,2
645,1
645,0
644,4
644,3
644,2
644,1
644,0
643,5
643,4
643,3
643,2
643,1
643,0
642,4
642,3
642,2
642,1
642,0
641,4
641,3
641,2
641,1
641,0
640,4
640,3
640,2
640,1
640,0
639,3
639,2
639,1
639,0
638,4
638,2
636,6
636,5
636,4
636,2
632,4
632,2
630,2
629,4
629,2
627,4
627,3
627,2
627,1
627,0
625,4
625,3
625,2
625,1
625,0
624,4
624,3
624,2
624,1
624,0
623,4
623,3
623,2
623,1
623,0
622,4
622,3
622,2
622,1
622,0
621,5
621,4
621,3
621,2
621,1
621,0
620,4
620,3
620,2
620,1
620,0
619,4
619,3
619,2
619,1
619,0
618,4
618,3
618,2
618,1
618,0
617,3
617,2
617,1
617,0
4,3
4,1
4,0
0,444
0,443
0,439
0,438
0,408
0,383
0,378
0,376
0,370
629,1
0,368
0,367
629,3
0,366
629,0
0,365
630,1
630,3
0,334
0,325
630,0
0,322
632,1
0,316
632,3
0,313
0,309
632,0
0,243
636,1
636,3
636,0
638,1
638,3
638,0
1,1
1,3
1,0
2,1
2,3
2,0
0,9
0,310
0,305
0,308
0,304
0,303
0,302
0,307
0,12
0,10
0,8
0,0
0,369
0,300
0,372
0,299
0,371
0,298
0,430
0,297
0,414
0,296
0,318
0,295
0,340
0,294
0,426
0,293
0,317
0,292
0,437
0,291
0,393
0,290
0,415
0,289
0,343
0,288
0,390
0,287
0,440
0,286
0,364
0,285
0,315
0,284
0,348
0,283
0,434
0,282
0,347
0,281
0,314
0,280
0,406
0,279
0,346
0,278
0,356
0,277
2,2
0,396
0,276
0,381
0,275
0,407
0,274
0,431
0,273
0,329
0,272
0,312
0,271
0,342
0,270
0,403
0,269
0,412
0,268
0,400
0,267
0,361
0,266
0,311
0,265
0,388
0,264
0,359
0,263
0,404
0,262
0,375
0,261
0,429
0,260
0,259
0,402
0,258
0,358
0,257
0,394
0,256
0,350
0,255
0,427
0,254
0,399
0,253
0,398
0,252
0,428
0,251
0,413
0,250
0,336
0,249
0,306
0,248
0,405
0,247
0,392
0,246
0,328
0,245
0,244
0,320
0,242
0,397
0,241
0,240
0,333
0,239
0,353
0,238
0,326
0,237
0,344
0,236
0,421
0,235
0,352
0,234
0,386
0,233
0,232
0,433
0,231
0,230
0,341
0,229
0,373
0,228
0,420
0,227
0,357
0,226
0,339
0,225
0,332
0,224
0,330
0,223
0,425
0,222
0,374
0,221
0,395
0,220
0,338
0,219
0,445
0,218
0,418
0,217
0,331
0,216
0,424
0,215
0,422
0,214
0,432
0,213
0,441
0,212
0,411
0,211
0,416
0,210
0,324
0,209
0,423
0,208
0,447
0,207
0,363
0,206
0,385
0,205
0,354
0,204
0,410
0,203
0,335
0,202
0,401
0,201
0,387
0,200
0,199
0,360
0,198
0,419
0,197
0,355
0,196
0,323
0,195
0,417
0,194
0,380
0,193
0,192
0,436
0,63
0,351
0,62
0,446
0,61
0,321
0,60
0,389
0,59
0,442
0,58
0,391
0,57
0,362
0,56
0,345
0,55
0,349
0,54
0,377
0,53
0,337
0,52
0,319
0,51
0,409
0,50
0,384
0,49
0,379
0,48
0,327
0,47
0,382
0,46
0,435
0,45
0,301
0,6
0,5
0,1
0,11
0,4
0,2
0,3
0,7
